2.
7182818284590452353602874713526624977572470936999595749669676277240766303535475945713821785251664274
2746639193200305992181741359662904357290033429526059563073813232862794349076323382988075319525101901
1573834187930702154089149934884167509244761460668082264800168477411853742345442437107539077744992069
5517027618386062613313845830007520449338265602976067371132007093287091274437470472306969772093101416
9283681902551510865746377211125238978442505695369677078544996996794686445490598793163688923009879312
7736178215424999229576351482208269895193668033182528869398496465105820939239829488793320362509443117
3012381970684161403970198376793206832823764648042953118023287825098194558153017567173613320698112509
9618188159304169035159888851934580727386673858942287922849989208680582574927961048419844436346324496
8487560233624827041978623209002160990235304369941849146314093431738143640546253152096183690888707016
7683964243781405927145635490613031072085103837505101157477041718986106873969655212671546889570350354
0212340784981933432106817012100562788023519303322474501585390473041995777709350366041699732972508868
7696640355570716226844716256079882651787134195124665201030592123667719432527867539855894489697096409
7545918569563802363701621120477427228364896134225164450781824423529486363721417402388934412479635743
7026375529444833799801612549227850925778256209262264832627793338656648162772516401910590049164499828
9315056604725802778631864155195653244258698294695930801915298721172556347546396447910145904090586298
4967912874068705048958586717479854667757573205681288459205413340539220001137863009455606881667400169
8420558040336379537645203040243225661352783695117788386387443966253224985065499588623428189970773327
6171783928034946501434558897071942586398772754710962953741521115136835062752602326484728703920764310
0595841166120545297030236472549296669381151373227536450988890313602057248176585118063036442812314965
5070475102544650117272115551948668508003685322818315219600373562527944951582841882947876108526398139
